260
9
9
9
9
1050
1054
1053
1058
1056
1054
1051
1048
58
13
10
13
10
70
49
58
32
1055
1054
1052
1054
1065
32
1047
1040
32
1048
1043
1056
1040
1058
1040
13
10
13
10
70
50
58
32
1055
1054
1050
1040
1047
1042
1040
1053
1045
32
1053
1040
32
1060
1051
1054
1058
1040
32
1053
1040
32
1048
1043
1056
1040
1063
32
49
32
45
32
1057
1040
1052
1054
32
1050
1054
1043
1040
1058
1054
32
1045
32
1053
1040
32
1061
1054
1044
32
33
13
10
13
10
70
51
58
32
1055
1054
1050
1040
1047
1042
1040
1053
1045
32
1053
1040
32
1060
1051
1054
1058
1040
32
1053
1040
32
1048
1043
1056
1040
1063
32
50
32
45
32
1057
1040
1052
1054
32
1050
1054
1043
1040
1058
1054
32
1045
32
1053
1040
32
1061
1054
1044
32
33
13
10
13
10
69
83
67
58
32
1053
1059
1051
1048
1056
1040
1053
1045
32
1053
1040
32
1050
1054
1056
1040
1041
1040
44
32
1050
1054
1049
1058
1054
32
1057
1045
32
1055
1054
1057
1058
1040
1042
1071
13
10
13
10
49
32
45
32
52
58
32
1048
1047
1041
1054
1056
32
1053
1040
32
1050
1054
1056
1040
1041
32
1047
1040
32
1055
1054
1057
1058
1040
1042
1071
1053
1045
32
47
49
32
45
32
1053
1040
1049
45
1052
1040
1051
1066
1050
47
32
0
